100501|102501
100502|102502
100503|102503
100504|102504
100505|102505
100506|102506
100507|102507
100508|102508
100509|102509
100510|102510
100511|102511
100512|102512
100513|102513
100514|102514
100515|102515
100516|102516
100517|102517
100518|102518
100519|102519
100520|102520
100521|102521
100522|102522
100523|102523
100524|102524
100525|102525
100526|102526
100527|102527
100528|102528
100529|102529
100530|102530
100531|102531
100532|102532
100533|102533
100534|102534
100535|102535
100536|102536
100537|102537
100538|102538
100539|102539
100540|102540
100541|102541
100542|102542
100543|102543
100544|102544
100545|102545
100546|102546
100547|102547
100548|102548
100549|102549
100550|102550
100551|102551
100552|102552
100553|102553
100554|102554
100555|102555
100556|102556
100557|102557
100558|102558
100559|102559
100560|102560
100561|102561
100562|102562
100563|102563
100564|102564
100565|102565
100566|102566
100567|102567
100568|102568
100569|102569
100570|102570
100571|102571
100572|102572
100573|102573
100574|102574
100575|102575
100576|102576
100577|102577
100578|102578
100579|102579
100580|102580
100581|102581
100582|102582
100583|102583
100584|102584
100585|102585
100586|102586
100587|102587
100588|102588
100589|102589
100590|102590
100591|102591
100592|102592
100593|102593
100594|102594
100595|102595
100596|102596
100597|102597
100598|102598
100599|102599
100600|102600
100601|102601
100602|102602
100603|102603
100604|102604
100605|102605
100606|102606
100607|102607
100608|102608
100609|102609
100610|102610
100611|102611
100612|102612
100613|102613
100614|102614
100615|102615
100616|102616
100617|102617
100618|102618
100619|102619
100620|102620
100621|102621
100622|102622
100623|102623
100624|102624
100625|102625
100626|102626
100627|102627
100628|102628
100629|102629
100630|102630
100631|102631
100632|102632
100633|102633
100634|102634
100635|102635
100636|102636
100637|102637
100638|102638
100639|102639
100640|102640
100641|102641
100642|102642
100643|102643
100644|102644
100645|102645
100646|102646
100647|102647
100648|102648
100649|102649
100650|102650
100651|102651
100652|102652
100653|102653
100654|102654
100655|102655
100656|102656
100657|102657
100658|102658
100659|102659
100660|102660
100661|102661
100662|102662
100663|102663
100664|102664
100665|102665
100666|102666
100667|102667
100668|102668
100669|102669
100670|102670
100671|102671
100672|102672
100673|102673
100674|102674
100675|102675
100676|102676
100677|102677
100678|102678
100679|102679
100680|102680
100681|102681
100682|102682
100683|102683
100684|102684
100685|102685
100686|102686
100687|102687
100688|102688
100689|102689
100690|102690
100691|102691
100692|102692
100693|102693
100694|102694
100695|102695
100696|102696
100697|102697
100698|102698
100699|102699
100700|102700
100501|102552
100502|102553
100503|102554
100504|102555
100505|102556
100506|102557
100507|102558
100508|102559
100509|102560
100510|102561
100511|102562
100512|102563
100513|102564
100514|102565
100515|102566
100516|102567
100517|102568
100518|102569
100519|102570
100520|102571
100521|102572
100522|102573
100523|102574
100524|102575
100525|102576
100526|102577
100527|102578
100528|102579
100529|102580
100530|102581
100531|102582
100532|102583
100533|102584
100534|102585
100535|102586
100536|102587
100537|102588
100538|102589
100539|102590
100540|102591
100541|102592
100542|102593
100543|102594
100544|102595
100545|102596
100546|102597
100547|102598
100548|102599
100549|102600
100550|102601
100551|102602
100552|102603
100553|102604
100554|102605
100555|102606
100556|102607
100557|102608
100558|102609
100559|102610
100560|102611
100561|102612
100562|102613
100563|102614
100564|102615
100565|102616
100566|102617
100567|102618
100568|102619
100569|102620
100570|102621
100571|102622
100572|102623
100573|102624
100574|102625
100575|102626
100576|102627
100577|102628
100578|102629
100579|102630
100580|102631
100581|102632
100582|102633
100583|102634
100584|102635
100585|102636
100586|102637
100587|102638
100588|102639
100589|102640
100590|102641
100591|102642
100592|102643
100593|102644
100594|102645
100595|102646
100596|102647
100597|102648
100598|102649
100599|102650
100600|102651
100601|102652
100602|102653
100603|102654
100604|102655
100605|102656
100606|102657
100607|102658
100608|102659
100609|102660
100610|102661
100611|102662
100612|102663
100613|102664
100614|102665
100615|102666
100616|102667
100617|102668
100618|102669
100619|102670
100620|102671
100621|102672
100622|102673
100623|102674
100624|102675
100625|102676
100626|102677
100627|102678
100628|102679
100629|102680
100630|102681
100631|102682
100632|102683
100633|102684
100634|102685
100635|102686
100636|102687
100637|102688
100638|102689
100639|102690
100640|102691
100641|102692
100642|102693
100643|102694
100644|102695
100645|102696
100646|102697
100647|102698
100648|102699
100649|102700
100650|102701
100651|102702
100652|102703
100653|102704
100654|102705
100655|102706
100656|102707
100657|102708
100658|102709
100659|102710
100660|102711
100661|102712
100662|102713
100663|102714
100664|102715
100665|102716
100666|102717
100667|102718
100668|102719
100669|102720
100670|102721
100671|102722
100672|102723
100673|102724
100674|102725
100675|102726
100676|102727
100677|102728
100678|102729
100679|102730
100680|102731
100681|102732
100682|102733
100683|102734
100684|102735
100685|102736
100686|102737
100687|102738
100688|102739
100689|102740
100690|102741
100691|102742
100692|102743
100693|102744
100694|102745
100695|102746
100696|102747
100697|102748
100698|102749
100699|102750
100700|102751
100501|102527
100502|102528
100503|102529
100504|102530
100505|102531
100506|102532
100507|102533
100508|102534
100509|102535
100510|102536
100511|102537
100512|102538
100513|102539
100514|102540
100515|102541
100516|102542
100517|102543
100518|102544
100519|102545
100520|102546
100521|102547
100522|102548
100523|102549
100524|102550
100525|102551
100526|102552
100527|102553
100528|102554
100529|102555
100530|102556
100531|102557
100532|102558
100533|102559
100534|102560
100535|102561
100536|102562
100537|102563
100538|102564
100539|102565
100540|102566
100541|102567
100542|102568
100543|102569
100544|102570
100545|102571
100546|102572
100547|102573
100548|102574
100549|102575
100550|102576
100551|102577
100552|102578
100553|102579
100554|102580
100555|102581
100556|102582
100557|102583
100558|102584
100559|102585
100560|102586
100561|102587
100562|102588
100563|102589
100564|102590
100565|102591
100566|102592
100567|102593
100568|102594
100569|102595
100570|102596
100571|102597
100572|102598
100573|102599
100574|102600
100575|102601
100576|102602
100577|102603
100578|102604
100579|102605
100580|102606
100581|102607
100582|102608
100583|102609
100584|102610
100585|102611
100586|102612
100587|102613
100588|102614
100589|102615
100590|102616
100591|102617
100592|102618
100593|102619
100594|102620
100595|102621
100596|102622
100597|102623
100598|102624
100599|102625
100600|102626
100601|102627
100602|102628
100603|102629
100604|102630
100605|102631
100606|102632
100607|102633
100608|102634
100609|102635
100610|102636
100611|102637
100612|102638
100613|102639
100614|102640
100615|102641
100616|102642
100617|102643
100618|102644
100619|102645
100620|102646
100621|102647
100622|102648
100623|102649
100624|102650
100625|102651
100626|102652
100627|102653
100628|102654
100629|102655
100630|102656
100631|102657
100632|102658
100633|102659
100634|102660
100635|102661
100636|102662
100637|102663
100638|102664
100639|102665
100640|102666
100641|102667
100642|102668
100643|102669
100644|102670
100645|102671
100646|102672
100647|102673
100648|102674
100649|102675
100650|102676
100651|102677
100652|102678
100653|102679
100654|102680
100655|102681
100656|102682
100657|102683
100658|102684
100659|102685
100660|102686
100661|102687
100662|102688
100663|102689
100664|102690
100665|102691
100666|102692
100667|102693
100668|102694
100669|102695
100670|102696
100671|102697
100672|102698
100673|102699
100674|102700
100675|102701
100676|102702
100677|102703
100678|102704
100679|102705
100680|102706
100681|102707
100682|102708
100683|102709
100684|102710
100685|102711
100686|102712
100687|102713
100688|102714
100689|102715
100690|102716
100691|102717
100692|102718
100693|102719
100694|102720
100695|102721
100696|102722
100697|102723
100698|102724
100699|102725
100700|102726
100501|102554
100502|102555
100503|102556
100504|102557
100505|102558
100506|102559
100507|102560
100508|102561
100509|102562
100510|102563
100511|102564
100512|102565
100513|102566
100514|102567
100515|102568
100516|102569
100517|102570
100518|102571
100519|102572
100520|102573
100521|102574
100522|102575
100523|102576
100524|102577
100525|102578
100526|102579
100527|102580
100528|102581
100529|102582
100530|102583
100531|102584
100532|102585
100533|102586
100534|102587
100535|102588
100536|102589
100537|102590
100538|102591
100539|102592
100540|102593
100541|102594
100542|102595
100543|102596
100544|102597
100545|102598
100546|102599
100547|102600
100548|102601
100549|102602
100550|102603
100551|102604
100552|102605
100553|102606
100554|102607
100555|102608
100556|102609
100557|102610
100558|102611
100559|102612
100560|102613
100561|102614
100562|102615
100563|102616
100564|102617
100565|102618
100566|102619
100567|102620
100568|102621
100569|102622
100570|102623
100571|102624
100572|102625
100573|102626
100574|102627
100575|102628
100576|102629
100577|102630
100578|102631
100579|102632
100580|102633
100581|102634
100582|102635
100583|102636
100584|102637
100585|102638
100586|102639
100587|102640
100588|102641
100589|102642
100590|102643
100591|102644
100592|102645
100593|102646
100594|102647
100595|102648
100596|102649
100597|102650
100598|102651
100599|102652
100600|102653
100601|102654
100602|102655
100603|102656
100604|102657
100605|102658
100606|102659
100607|102660
100608|102661
100609|102662
100610|102663
100611|102664
100612|102665
100613|102666
100614|102667
100615|102668
100616|102669
100617|102670
100618|102671
100619|102672
100620|102673
100621|102674
100622|102675
100623|102676
100624|102677
100625|102678
100626|102679
100627|102680
100628|102681
100629|102682
100630|102683
100631|102684
100632|102685
100633|102686
100634|102687
100635|102688
100636|102689
100637|102690
100638|102691
100639|102692
100640|102693
100641|102694
100642|102695
100643|102696
100644|102697
100645|102698
100646|102699
100647|102700
100648|102701
100649|102702
100650|102703
100651|102704
100652|102705
100653|102706
100654|102707
100655|102708
100656|102709
100657|102710
100658|102711
100659|102712
100660|102713
100661|102714
100662|102715
100663|102716
100664|102717
100665|102718
100666|102719
100667|102720
100668|102721
100669|102722
100670|102723
100671|102724
100672|102725
100673|102726
100674|102727
100675|102728
100676|102729
100677|102730
100678|102731
100679|102732
100680|102733
100681|102734
100682|102735
100683|102736
100684|102737
100685|102738
100686|102739
100687|102740
100688|102741
100689|102742
100690|102743
100691|102744
100692|102745
100693|102746
100694|102747
100695|102748
100696|102749
100697|102750
100698|102751
100699|102752
100700|102753
