103401|103001
103402|103002
103403|103003
103404|103004
103405|103005
103406|103006
103407|103007
103408|103008
103409|103009
103410|103010
103411|103011
103412|103012
103413|103013
103414|103014
103415|103015
103416|103016
103417|103017
103418|103018
103419|103019
103420|103020
103421|103021
103422|103022
103423|103023
103424|103024
103425|103025
103426|103026
103427|103027
103428|103028
103429|103029
103430|103030
103431|103031
103432|103032
103433|103033
103434|103034
103435|103035
103436|103036
103437|103037
103438|103038
103439|103039
103440|103040
103441|103041
103442|103042
103443|103043
103444|103044
103445|103045
103446|103046
103447|103047
103448|103048
103449|103049
103450|103050
103451|103051
103452|103052
103453|103053
103454|103054
103455|103055
103456|103056
103457|103057
103458|103058
103459|103059
103460|103060
103461|103061
103462|103062
103463|103063
103464|103064
103465|103065
103466|103066
103467|103067
103468|103068
103469|103069
103470|103070
103471|103071
103472|103072
103473|103073
103474|103074
103475|103075
103476|103076
103477|103077
103478|103078
103479|103079
103480|103080
103481|103081
103482|103082
103483|103083
103484|103084
103485|103085
103486|103086
103487|103087
103488|103088
103489|103089
103490|103090
103491|103091
103492|103092
103493|103093
103494|103094
103495|103095
103496|103096
103497|103097
103498|103098
103499|103099
103500|103100
103501|103101
103502|103102
103503|103103
103504|103104
103505|103105
103506|103106
103507|103107
103508|103108
103509|103109
103510|103110
103511|103111
103512|103112
103513|103113
103514|103114
103515|103115
103516|103116
103517|103117
103518|103118
103519|103119
103520|103120
103521|103121
103522|103122
103523|103123
103524|103124
103525|103125
103526|103126
103527|103127
103528|103128
103529|103129
103530|103130
103531|103131
103532|103132
103533|103133
103534|103134
103535|103135
103536|103136
103537|103137
103538|103138
103539|103139
103540|103140
103541|103141
103542|103142
103543|103143
103544|103144
103545|103145
103546|103146
103547|103147
103548|103148
103549|103149
103550|103150
103551|103151
103552|103152
103553|103153
103554|103154
103555|103155
103556|103156
103557|103157
103558|103158
103559|103159
103560|103160
103561|103161
103562|103162
103563|103163
103564|103164
103565|103165
103566|103166
103567|103167
103568|103168
103569|103169
103570|103170
103571|103171
103572|103172
103573|103173
103574|103174
103575|103175
103576|103176
103577|103177
103578|103178
103579|103179
103580|103180
103581|103181
103582|103182
103583|103183
103584|103184
103585|103185
103586|103186
103587|103187
103588|103188
103589|103189
103590|103190
103591|103191
103592|103192
103593|103193
103594|103194
103595|103195
103596|103196
103597|103197
103598|103198
103599|103199
103600|103200
103601|103201
103602|103202
103603|103203
103604|103204
103605|103205
103606|103206
103607|103207
103608|103208
103609|103209
103610|103210
103611|103211
103612|103212
103613|103213
103614|103214
103615|103215
103616|103216
103617|103217
103618|103218
103619|103219
103620|103220
103621|103221
103622|103222
103623|103223
103624|103224
103625|103225
103626|103226
103627|103227
103628|103228
103629|103229
103630|103230
103631|103231
103632|103232
103633|103233
103634|103234
103635|103235
103636|103236
103637|103237
103638|103238
103639|103239
103640|103240
103641|103241
103642|103242
103643|103243
103644|103244
103645|103245
103646|103246
103647|103247
103648|103248
103649|103249
103650|103250
103651|103251
103652|103252
103653|103253
103654|103254
103655|103255
103656|103256
103657|103257
103658|103258
103659|103259
103660|103260
103661|103261
103662|103262
103663|103263
103664|103264
103665|103265
103666|103266
103667|103267
103668|103268
103669|103269
103670|103270
103671|103271
103672|103272
103673|103273
103674|103274
103675|103275
103676|103276
103677|103277
103678|103278
103679|103279
103680|103280
103681|103281
103682|103282
103683|103283
103684|103284
103685|103285
103686|103286
103687|103287
103688|103288
103689|103289
103690|103290
103691|103291
103692|103292
103693|103293
103694|103294
103695|103295
103696|103296
103697|103297
103698|103298
103699|103299
103700|103300
103701|103301
103702|103302
103703|103303
103704|103304
103705|103305
103706|103306
103707|103307
103708|103308
103709|103309
103710|103310
103711|103311
103712|103312
103713|103313
103714|103314
103715|103315
103716|103316
103717|103317
103718|103318
103719|103319
103720|103320
103721|103321
103722|103322
103723|103323
103724|103324
103725|103325
103726|103326
103727|103327
103728|103328
103729|103329
103730|103330
103731|103331
103732|103332
103733|103333
103734|103334
103735|103335
103736|103336
103737|103337
103738|103338
103739|103339
103740|103340
103741|103341
103742|103342
103743|103343
103744|103344
103745|103345
103746|103346
103747|103347
103748|103348
103749|103349
103750|103350
103751|103351
103752|103352
103753|103353
103754|103354
103755|103355
103756|103356
103757|103357
103758|103358
103759|103359
103760|103360
103761|103361
103762|103362
103763|103363
103764|103364
103765|103365
103766|103366
103767|103367
103768|103368
103769|103369
103770|103370
103771|103371
103772|103372
103773|103373
103774|103374
103775|103375
103776|103376
103777|103377
103778|103378
103779|103379
103780|103380
103781|103381
103782|103382
103783|103383
103784|103384
103785|103385
103786|103386
103787|103387
103788|103388
103789|103389
103790|103390
103791|103391
103792|103392
103793|103393
103794|103394
103795|103395
103796|103396
103797|103397
103798|103398
103799|103399
103800|103400
103801|103001
103802|103002
103803|103003
103804|103004
103805|103005
103806|103006
103807|103007
103808|103008
103809|103009
103810|103010
103811|103011
103812|103012
103813|103013
103814|103014
103815|103015
103816|103016
103817|103017
103818|103018
103819|103019
103820|103020
103821|103021
103822|103022
103823|103023
103824|103024
103825|103025
103826|103026
103827|103027
103828|103028
103829|103029
103830|103030
103831|103031
103832|103032
103833|103033
103834|103034
103835|103035
103836|103036
103837|103037
103838|103038
103839|103039
103840|103040
103841|103041
103842|103042
103843|103043
103844|103044
103845|103045
103846|103046
103847|103047
103848|103048
103849|103049
103850|103050
103851|103051
103852|103052
103853|103053
103854|103054
103855|103055
103856|103056
103857|103057
103858|103058
103859|103059
103860|103060
103861|103061
103862|103062
103863|103063
103864|103064
103865|103065
103866|103066
103867|103067
103868|103068
103869|103069
103870|103070
103871|103071
103872|103072
103873|103073
103874|103074
103875|103075
103876|103076
103877|103077
103878|103078
103879|103079
103880|103080
103881|103081
103882|103082
103883|103083
103884|103084
103885|103085
103886|103086
103887|103087
103888|103088
103889|103089
103890|103090
103891|103091
103892|103092
103893|103093
103894|103094
103895|103095
103896|103096
103897|103097
103898|103098
103899|103099
103900|103100
103901|103101
103902|103102
103903|103103
103904|103104
103905|103105
103906|103106
103907|103107
103908|103108
103909|103109
103910|103110
103911|103111
103912|103112
103913|103113
103914|103114
103915|103115
103916|103116
103917|103117
103918|103118
103919|103119
103920|103120
103921|103121
103922|103122
103923|103123
103924|103124
103925|103125
103926|103126
103927|103127
103928|103128
103929|103129
103930|103130
103931|103131
103932|103132
103933|103133
103934|103134
103935|103135
103936|103136
103937|103137
103938|103138
103939|103139
103940|103140
103941|103141
103942|103142
103943|103143
103944|103144
103945|103145
103946|103146
103947|103147
103948|103148
103949|103149
103950|103150
103951|103151
103952|103152
103953|103153
103954|103154
103955|103155
103956|103156
103957|103157
103958|103158
103959|103159
103960|103160
103961|103161
103962|103162
103963|103163
103964|103164
103965|103165
103966|103166
103967|103167
103968|103168
103969|103169
103970|103170
103971|103171
103972|103172
103973|103173
103974|103174
103975|103175
103976|103176
103977|103177
103978|103178
103979|103179
103980|103180
103981|103181
103982|103182
103983|103183
103984|103184
103985|103185
103986|103186
103987|103187
103988|103188
103989|103189
103990|103190
103991|103191
103992|103192
103993|103193
103994|103194
103995|103195
103996|103196
103997|103197
103998|103198
103999|103199
104000|103200
104001|103201
104002|103202
104003|103203
104004|103204
104005|103205
104006|103206
104007|103207
104008|103208
104009|103209
104010|103210
104011|103211
104012|103212
104013|103213
104014|103214
104015|103215
104016|103216
104017|103217
104018|103218
104019|103219
104020|103220
104021|103221
104022|103222
104023|103223
104024|103224
104025|103225
104026|103226
104027|103227
104028|103228
104029|103229
104030|103230
104031|103231
104032|103232
104033|103233
104034|103234
104035|103235
104036|103236
104037|103237
104038|103238
104039|103239
104040|103240
104041|103241
104042|103242
104043|103243
104044|103244
104045|103245
104046|103246
104047|103247
104048|103248
104049|103249
104050|103250
104051|103251
104052|103252
104053|103253
104054|103254
104055|103255
104056|103256
104057|103257
104058|103258
104059|103259
104060|103260
104061|103261
104062|103262
104063|103263
104064|103264
104065|103265
104066|103266
104067|103267
104068|103268
104069|103269
104070|103270
104071|103271
104072|103272
104073|103273
104074|103274
104075|103275
104076|103276
104077|103277
104078|103278
104079|103279
104080|103280
104081|103281
104082|103282
104083|103283
104084|103284
104085|103285
104086|103286
104087|103287
104088|103288
104089|103289
104090|103290
104091|103291
104092|103292
104093|103293
104094|103294
104095|103295
104096|103296
104097|103297
104098|103298
104099|103299
104100|103300
104101|103301
104102|103302
104103|103303
104104|103304
104105|103305
104106|103306
104107|103307
104108|103308
104109|103309
104110|103310
104111|103311
104112|103312
104113|103313
104114|103314
104115|103315
104116|103316
104117|103317
104118|103318
104119|103319
104120|103320
104121|103321
104122|103322
104123|103323
104124|103324
104125|103325
104126|103326
104127|103327
104128|103328
104129|103329
104130|103330
104131|103331
104132|103332
104133|103333
104134|103334
104135|103335
104136|103336
104137|103337
104138|103338
104139|103339
104140|103340
104141|103341
104142|103342
104143|103343
104144|103344
104145|103345
104146|103346
104147|103347
104148|103348
104149|103349
104150|103350
104151|103351
104152|103352
104153|103353
104154|103354
104155|103355
104156|103356
104157|103357
104158|103358
104159|103359
104160|103360
104161|103361
104162|103362
104163|103363
104164|103364
104165|103365
104166|103366
104167|103367
104168|103368
104169|103369
104170|103370
104171|103371
104172|103372
104173|103373
104174|103374
104175|103375
104176|103376
104177|103377
104178|103378
104179|103379
104180|103380
104181|103381
104182|103382
104183|103383
104184|103384
104185|103385
104186|103386
104187|103387
104188|103388
104189|103389
104190|103390
104191|103391
104192|103392
104193|103393
104194|103394
104195|103395
104196|103396
104197|103397
104198|103398
104199|103399
104200|103400
104201|103001
104202|103002
104203|103003
104204|103004
104205|103005
104206|103006
104207|103007
104208|103008
104209|103009
104210|103010
104211|103011
104212|103012
104213|103013
104214|103014
104215|103015
104216|103016
104217|103017
104218|103018
104219|103019
104220|103020
104221|103021
104222|103022
104223|103023
104224|103024
104225|103025
104226|103026
104227|103027
104228|103028
104229|103029
104230|103030
104231|103031
104232|103032
104233|103033
104234|103034
104235|103035
104236|103036
104237|103037
104238|103038
104239|103039
104240|103040
104241|103041
104242|103042
104243|103043
104244|103044
104245|103045
104246|103046
104247|103047
104248|103048
104249|103049
104250|103050
104251|103051
104252|103052
104253|103053
104254|103054
104255|103055
104256|103056
104257|103057
104258|103058
104259|103059
104260|103060
104261|103061
104262|103062
104263|103063
104264|103064
104265|103065
104266|103066
104267|103067
104268|103068
104269|103069
104270|103070
104271|103071
104272|103072
104273|103073
104274|103074
104275|103075
104276|103076
104277|103077
104278|103078
104279|103079
104280|103080
104281|103081
104282|103082
104283|103083
104284|103084
104285|103085
104286|103086
104287|103087
104288|103088
104289|103089
104290|103090
104291|103091
104292|103092
104293|103093
104294|103094
104295|103095
104296|103096
104297|103097
104298|103098
104299|103099
104300|103100
104301|103101
104302|103102
104303|103103
104304|103104
104305|103105
104306|103106
104307|103107
104308|103108
104309|103109
104310|103110
104311|103111
104312|103112
104313|103113
104314|103114
104315|103115
104316|103116
104317|103117
104318|103118
104319|103119
104320|103120
104321|103121
104322|103122
104323|103123
104324|103124
104325|103125
104326|103126
104327|103127
104328|103128
104329|103129
104330|103130
104331|103131
104332|103132
104333|103133
104334|103134
104335|103135
104336|103136
104337|103137
104338|103138
104339|103139
104340|103140
104341|103141
104342|103142
104343|103143
104344|103144
104345|103145
104346|103146
104347|103147
104348|103148
104349|103149
104350|103150
104351|103151
104352|103152
104353|103153
104354|103154
104355|103155
104356|103156
104357|103157
104358|103158
104359|103159
104360|103160
104361|103161
104362|103162
104363|103163
104364|103164
104365|103165
104366|103166
104367|103167
104368|103168
104369|103169
104370|103170
104371|103171
104372|103172
104373|103173
104374|103174
104375|103175
104376|103176
104377|103177
104378|103178
104379|103179
104380|103180
104381|103181
104382|103182
104383|103183
104384|103184
104385|103185
104386|103186
104387|103187
104388|103188
104389|103189
104390|103190
104391|103191
104392|103192
104393|103193
104394|103194
104395|103195
104396|103196
104397|103197
104398|103198
104399|103199
104400|103200
104401|103201
104402|103202
104403|103203
104404|103204
104405|103205
104406|103206
104407|103207
104408|103208
104409|103209
104410|103210
104411|103211
104412|103212
104413|103213
104414|103214
104415|103215
104416|103216
104417|103217
104418|103218
104419|103219
104420|103220
104421|103221
104422|103222
104423|103223
104424|103224
104425|103225
104426|103226
104427|103227
104428|103228
104429|103229
104430|103230
104431|103231
104432|103232
104433|103233
104434|103234
104435|103235
104436|103236
104437|103237
104438|103238
104439|103239
104440|103240
104441|103241
104442|103242
104443|103243
104444|103244
104445|103245
104446|103246
104447|103247
104448|103248
104449|103249
104450|103250
104451|103251
104452|103252
104453|103253
104454|103254
104455|103255
104456|103256
104457|103257
104458|103258
104459|103259
104460|103260
104461|103261
104462|103262
104463|103263
104464|103264
104465|103265
104466|103266
104467|103267
104468|103268
104469|103269
104470|103270
104471|103271
104472|103272
104473|103273
104474|103274
104475|103275
104476|103276
104477|103277
104478|103278
104479|103279
104480|103280
104481|103281
104482|103282
104483|103283
104484|103284
104485|103285
104486|103286
104487|103287
104488|103288
104489|103289
104490|103290
104491|103291
104492|103292
104493|103293
104494|103294
104495|103295
104496|103296
104497|103297
104498|103298
104499|103299
104500|103300
104501|103301
104502|103302
104503|103303
104504|103304
104505|103305
104506|103306
104507|103307
104508|103308
104509|103309
104510|103310
104511|103311
104512|103312
104513|103313
104514|103314
104515|103315
104516|103316
104517|103317
104518|103318
104519|103319
104520|103320
104521|103321
104522|103322
104523|103323
104524|103324
104525|103325
104526|103326
104527|103327
104528|103328
104529|103329
104530|103330
104531|103331
104532|103332
104533|103333
104534|103334
104535|103335
104536|103336
104537|103337
104538|103338
104539|103339
104540|103340
104541|103341
104542|103342
104543|103343
104544|103344
104545|103345
104546|103346
104547|103347
104548|103348
104549|103349
104550|103350
104551|103351
104552|103352
104553|103353
104554|103354
104555|103355
104556|103356
104557|103357
104558|103358
104559|103359
104560|103360
104561|103361
104562|103362
104563|103363
104564|103364
104565|103365
104566|103366
104567|103367
104568|103368
104569|103369
104570|103370
104571|103371
104572|103372
104573|103373
104574|103374
104575|103375
104576|103376
104577|103377
104578|103378
104579|103379
104580|103380
104581|103381
104582|103382
104583|103383
104584|103384
104585|103385
104586|103386
104587|103387
104588|103388
104589|103389
104590|103390
104591|103391
104592|103392
104593|103393
104594|103394
104595|103395
104596|103396
104597|103397
104598|103398
104599|103399
104600|103400
104601|103001
104602|103002
104603|103003
104604|103004
104605|103005
104606|103006
104607|103007
104608|103008
104609|103009
104610|103010
104611|103011
104612|103012
104613|103013
104614|103014
104615|103015
104616|103016
104617|103017
104618|103018
104619|103019
104620|103020
104621|103021
104622|103022
104623|103023
104624|103024
104625|103025
104626|103026
104627|103027
104628|103028
104629|103029
104630|103030
104631|103031
104632|103032
104633|103033
104634|103034
104635|103035
104636|103036
104637|103037
104638|103038
104639|103039
104640|103040
104641|103041
104642|103042
104643|103043
104644|103044
104645|103045
104646|103046
104647|103047
104648|103048
104649|103049
104650|103050
104651|103051
104652|103052
104653|103053
104654|103054
104655|103055
104656|103056
104657|103057
104658|103058
104659|103059
104660|103060
104661|103061
104662|103062
104663|103063
104664|103064
104665|103065
104666|103066
104667|103067
104668|103068
104669|103069
104670|103070
104671|103071
104672|103072
104673|103073
104674|103074
104675|103075
104676|103076
104677|103077
104678|103078
104679|103079
104680|103080
104681|103081
104682|103082
104683|103083
104684|103084
104685|103085
104686|103086
104687|103087
104688|103088
104689|103089
104690|103090
104691|103091
104692|103092
104693|103093
104694|103094
104695|103095
104696|103096
104697|103097
104698|103098
104699|103099
104700|103100
104701|103101
104702|103102
104703|103103
104704|103104
104705|103105
104706|103106
104707|103107
104708|103108
104709|103109
104710|103110
104711|103111
104712|103112
104713|103113
104714|103114
104715|103115
104716|103116
104717|103117
104718|103118
104719|103119
104720|103120
104721|103121
104722|103122
104723|103123
104724|103124
104725|103125
104726|103126
104727|103127
104728|103128
104729|103129
104730|103130
104731|103131
104732|103132
104733|103133
104734|103134
104735|103135
104736|103136
104737|103137
104738|103138
104739|103139
104740|103140
104741|103141
104742|103142
104743|103143
104744|103144
104745|103145
104746|103146
104747|103147
104748|103148
104749|103149
104750|103150
104751|103151
104752|103152
104753|103153
104754|103154
104755|103155
104756|103156
104757|103157
104758|103158
104759|103159
104760|103160
104761|103161
104762|103162
104763|103163
104764|103164
104765|103165
104766|103166
104767|103167
104768|103168
104769|103169
104770|103170
104771|103171
104772|103172
104773|103173
104774|103174
104775|103175
104776|103176
104777|103177
104778|103178
104779|103179
104780|103180
104781|103181
104782|103182
104783|103183
104784|103184
104785|103185
104786|103186
104787|103187
104788|103188
104789|103189
104790|103190
104791|103191
104792|103192
104793|103193
104794|103194
104795|103195
104796|103196
104797|103197
104798|103198
104799|103199
104800|103200
104801|103201
104802|103202
104803|103203
104804|103204
104805|103205
104806|103206
104807|103207
104808|103208
104809|103209
104810|103210
104811|103211
104812|103212
104813|103213
104814|103214
104815|103215
104816|103216
104817|103217
104818|103218
104819|103219
104820|103220
104821|103221
104822|103222
104823|103223
104824|103224
104825|103225
104826|103226
104827|103227
104828|103228
104829|103229
104830|103230
104831|103231
104832|103232
104833|103233
104834|103234
104835|103235
104836|103236
104837|103237
104838|103238
104839|103239
104840|103240
104841|103241
104842|103242
104843|103243
104844|103244
104845|103245
104846|103246
104847|103247
104848|103248
104849|103249
104850|103250
104851|103251
104852|103252
104853|103253
104854|103254
104855|103255
104856|103256
104857|103257
104858|103258
104859|103259
104860|103260
104861|103261
104862|103262
104863|103263
104864|103264
104865|103265
104866|103266
104867|103267
104868|103268
104869|103269
104870|103270
104871|103271
104872|103272
104873|103273
104874|103274
104875|103275
104876|103276
104877|103277
104878|103278
104879|103279
104880|103280
104881|103281
104882|103282
104883|103283
104884|103284
104885|103285
104886|103286
104887|103287
104888|103288
104889|103289
104890|103290
104891|103291
104892|103292
104893|103293
104894|103294
104895|103295
104896|103296
104897|103297
104898|103298
104899|103299
104900|103300
104901|103301
104902|103302
104903|103303
104904|103304
104905|103305
104906|103306
104907|103307
104908|103308
104909|103309
104910|103310
104911|103311
104912|103312
104913|103313
104914|103314
104915|103315
104916|103316
104917|103317
104918|103318
104919|103319
104920|103320
104921|103321
104922|103322
104923|103323
104924|103324
104925|103325
104926|103326
104927|103327
104928|103328
104929|103329
104930|103330
104931|103331
104932|103332
104933|103333
104934|103334
104935|103335
104936|103336
104937|103337
104938|103338
104939|103339
104940|103340
104941|103341
104942|103342
104943|103343
104944|103344
104945|103345
104946|103346
104947|103347
104948|103348
104949|103349
104950|103350
104951|103351
104952|103352
104953|103353
104954|103354
104955|103355
104956|103356
104957|103357
104958|103358
104959|103359
104960|103360
104961|103361
104962|103362
104963|103363
104964|103364
104965|103365
104966|103366
104967|103367
104968|103368
104969|103369
104970|103370
104971|103371
104972|103372
104973|103373
104974|103374
104975|103375
104976|103376
104977|103377
104978|103378
104979|103379
104980|103380
104981|103381
104982|103382
104983|103383
104984|103384
104985|103385
104986|103386
104987|103387
104988|103388
104989|103389
104990|103390
104991|103391
104992|103392
104993|103393
104994|103394
104995|103395
104996|103396
104997|103397
104998|103398
104999|103399
105000|103400
105001|103001
105002|103002
105003|103003
105004|103004
105005|103005
105006|103006
105007|103007
105008|103008
105009|103009
105010|103010
105011|103011
105012|103012
105013|103013
105014|103014
105015|103015
105016|103016
105017|103017
105018|103018
105019|103019
105020|103020
105021|103021
105022|103022
105023|103023
105024|103024
105025|103025
105026|103026
105027|103027
105028|103028
105029|103029
105030|103030
105031|103031
105032|103032
105033|103033
105034|103034
105035|103035
105036|103036
105037|103037
105038|103038
105039|103039
105040|103040
105041|103041
105042|103042
105043|103043
105044|103044
105045|103045
105046|103046
105047|103047
105048|103048
105049|103049
105050|103050
105051|103051
105052|103052
105053|103053
105054|103054
105055|103055
105056|103056
105057|103057
105058|103058
105059|103059
105060|103060
105061|103061
105062|103062
105063|103063
105064|103064
105065|103065
105066|103066
105067|103067
105068|103068
105069|103069
105070|103070
105071|103071
105072|103072
105073|103073
105074|103074
105075|103075
105076|103076
105077|103077
105078|103078
105079|103079
105080|103080
105081|103081
105082|103082
105083|103083
105084|103084
105085|103085
105086|103086
105087|103087
105088|103088
105089|103089
105090|103090
105091|103091
105092|103092
105093|103093
105094|103094
105095|103095
105096|103096
105097|103097
105098|103098
105099|103099
105100|103100
105101|103101
105102|103102
105103|103103
105104|103104
105105|103105
105106|103106
105107|103107
105108|103108
105109|103109
105110|103110
105111|103111
105112|103112
105113|103113
105114|103114
105115|103115
105116|103116
105117|103117
105118|103118
105119|103119
105120|103120
105121|103121
105122|103122
105123|103123
105124|103124
105125|103125
105126|103126
105127|103127
105128|103128
105129|103129
105130|103130
105131|103131
105132|103132
105133|103133
105134|103134
105135|103135
105136|103136
105137|103137
105138|103138
105139|103139
105140|103140
105141|103141
105142|103142
105143|103143
105144|103144
105145|103145
105146|103146
105147|103147
105148|103148
105149|103149
105150|103150
105151|103151
105152|103152
105153|103153
105154|103154
105155|103155
105156|103156
105157|103157
105158|103158
105159|103159
105160|103160
105161|103161
105162|103162
105163|103163
105164|103164
105165|103165
105166|103166
105167|103167
105168|103168
105169|103169
105170|103170
105171|103171
105172|103172
105173|103173
105174|103174
105175|103175
105176|103176
105177|103177
105178|103178
105179|103179
105180|103180
105181|103181
105182|103182
105183|103183
105184|103184
105185|103185
105186|103186
105187|103187
105188|103188
105189|103189
105190|103190
105191|103191
105192|103192
105193|103193
105194|103194
105195|103195
105196|103196
105197|103197
105198|103198
105199|103199
105200|103200
105201|103201
105202|103202
105203|103203
105204|103204
105205|103205
105206|103206
105207|103207
105208|103208
105209|103209
105210|103210
105211|103211
105212|103212
105213|103213
105214|103214
105215|103215
105216|103216
105217|103217
105218|103218
105219|103219
105220|103220
105221|103221
105222|103222
105223|103223
105224|103224
105225|103225
105226|103226
105227|103227
105228|103228
105229|103229
105230|103230
105231|103231
105232|103232
105233|103233
105234|103234
105235|103235
105236|103236
105237|103237
105238|103238
105239|103239
105240|103240
105241|103241
105242|103242
105243|103243
105244|103244
105245|103245
105246|103246
105247|103247
105248|103248
105249|103249
105250|103250
105251|103251
105252|103252
105253|103253
105254|103254
105255|103255
105256|103256
105257|103257
105258|103258
105259|103259
105260|103260
105261|103261
105262|103262
105263|103263
105264|103264
105265|103265
105266|103266
105267|103267
105268|103268
105269|103269
105270|103270
105271|103271
105272|103272
105273|103273
105274|103274
105275|103275
105276|103276
105277|103277
105278|103278
105279|103279
105280|103280
105281|103281
105282|103282
105283|103283
105284|103284
105285|103285
105286|103286
105287|103287
105288|103288
105289|103289
105290|103290
105291|103291
105292|103292
105293|103293
105294|103294
105295|103295
105296|103296
105297|103297
105298|103298
105299|103299
105300|103300
105301|103301
105302|103302
105303|103303
105304|103304
105305|103305
105306|103306
105307|103307
105308|103308
105309|103309
105310|103310
105311|103311
105312|103312
105313|103313
105314|103314
105315|103315
105316|103316
105317|103317
105318|103318
105319|103319
105320|103320
105321|103321
105322|103322
105323|103323
105324|103324
105325|103325
105326|103326
105327|103327
105328|103328
105329|103329
105330|103330
105331|103331
105332|103332
105333|103333
105334|103334
105335|103335
105336|103336
105337|103337
105338|103338
105339|103339
105340|103340
105341|103341
105342|103342
105343|103343
105344|103344
105345|103345
105346|103346
105347|103347
105348|103348
105349|103349
105350|103350
105351|103351
105352|103352
105353|103353
105354|103354
105355|103355
105356|103356
105357|103357
105358|103358
105359|103359
105360|103360
105361|103361
105362|103362
105363|103363
105364|103364
105365|103365
105366|103366
105367|103367
105368|103368
105369|103369
105370|103370
105371|103371
105372|103372
105373|103373
105374|103374
105375|103375
105376|103376
105377|103377
105378|103378
105379|103379
105380|103380
105381|103381
105382|103382
105383|103383
105384|103384
105385|103385
105386|103386
105387|103387
105388|103388
105389|103389
105390|103390
105391|103391
105392|103392
105393|103393
105394|103394
105395|103395
105396|103396
105397|103397
105398|103398
105399|103399
105400|103400
