100501|101148
100502|101162
100503|101149
100504|101186
100505|101107
100506|101186
100507|101174
100508|101168
100509|101148
100510|101108
100511|101194
100512|101136
100513|101124
100514|101106
100515|101184
100516|101139
100517|101146
100518|101117
100519|101176
100520|101183
100521|101155
100522|101115
100523|101115
100524|101160
100525|101166
100526|101162
100527|101160
100528|101194
100529|101177
100530|101133
100531|101155
100532|101145
100533|101161
100534|101124
100535|101140
100536|101101
100537|101197
100538|101188
100539|101188
100540|101122
100541|101106
100542|101153
100543|101122
100544|101188
100545|101189
100546|101133
100547|101148
100548|101126
100549|101163
100550|101163
100551|101105
100552|101189
100553|101167
100554|101148
100555|101135
100556|101173
100557|101160
100558|101106
100559|101129
100560|101104
100561|101178
100562|101191
100563|101138
100564|101155
100565|101108
100566|101145
100567|101143
100568|101135
100569|101198
100570|101162
100571|101147
100572|101145
100573|101181
100574|101190
100575|101131
100576|101171
100577|101128
100578|101164
100579|101125
100580|101135
100581|101178
100582|101129
100583|101123
100584|101164
100585|101190
100586|101125
100587|101129
100588|101137
100589|101131
100590|101173
100591|101191
100592|101137
100593|101137
100594|101111
100595|101157
100596|101107
100597|101177
100598|101105
100599|101159
100600|101111
100601|101167
100602|101150
100603|101118
100604|101180
100605|101126
100606|101176
100607|101183
100608|101154
100609|101129
100610|101196
100611|101188
100612|101161
100613|101146
100614|101118
100615|101167
100616|101130
100617|101136
100618|101113
100619|101174
100620|101114
100621|101150
100622|101126
100623|101154
100624|101188
100625|101162
100626|101197
100627|101196
100628|101142
100629|101154
100630|101153
100631|101110
100632|101110
100633|101120
100634|101139
100635|101172
100636|101140
100637|101134
100638|101182
100639|101166
100640|101114
100641|101168
100642|101120
100643|101188
100644|101174
100645|101151
100646|101105
100647|101193
100648|101155
100649|101137
100650|101170
100651|101169
100652|101145
100653|101104
100654|101105
100655|101151
100656|101152
100657|101109
100658|101124
100659|101132
100660|101130
100661|101137
100662|101155
100663|101170
100664|101122
100665|101200
100666|101191
100667|101197
100668|101150
100669|101152
100670|101200
100671|101129
100672|101103
100673|101190
100674|101112
100675|101131
100676|101121
100677|101113
100678|101138
100679|101104
100680|101135
100681|101159
100682|101117
100683|101115
100684|101119
100685|101186
100686|101126
100687|101137
100688|101135
100689|101144
100690|101143
100691|101167
100692|101107
100693|101185
100694|101113
100695|101169
100696|101114
100697|101129
100698|101136
100699|101195
100700|101184
100701|101142
100702|101150
100703|101168
100704|101124
100705|101177
100706|101141
100707|101177
100708|101113
100709|101102
100710|101132
100711|101198
100712|101141
100713|101131
100714|101127
100715|101168
100716|101123
100717|101116
100718|101143
100719|101183
100720|101135
100721|101178
100722|101162
100723|101172
100724|101129
100725|101105
100726|101117
100727|101130
100728|101103
100729|101187
100730|101106
100731|101197
100732|101152
100733|101136
100734|101142
100735|101160
100736|101169
100737|101156
100738|101109
100739|101161
100740|101120
100741|101119
100742|101169
100743|101139
100744|101152
100745|101113
100746|101147
100747|101108
100748|101160
100749|101120
100750|101178
100751|101180
100752|101160
100753|101173
100754|101161
100755|101106
100756|101173
100757|101102
100758|101178
100759|101131
100760|101142
100761|101155
100762|101176
100763|101113
100764|101187
100765|101195
100766|101194
100767|101115
100768|101115
100769|101142
100770|101103
100771|101102
100772|101147
100773|101137
100774|101110
100775|101188
100776|101170
100777|101178
100778|101168
100779|101175
100780|101116
100781|101127
100782|101157
100783|101162
100784|101183
100785|101186
100786|101193
100787|101135
100788|101164
100789|101101
100790|101193
100791|101158
100792|101165
100793|101129
100794|101111
100795|101191
100796|101129
100797|101120
100798|101155
100799|101108
100800|101124
100801|101198
100802|101136
100803|101170
100804|101164
100805|101200
100806|101130
100807|101130
100808|101141
100809|101152
100810|101117
100811|101106
100812|101118
100813|101193
100814|101131
100815|101109
100816|101101
100817|101186
100818|101157
100819|101191
100820|101131
100821|101112
100822|101173
100823|101143
100824|101131
100825|101181
100826|101163
100827|101190
100828|101189
100829|101176
100830|101178
100831|101103
100832|101169
100833|101175
100834|101117
100835|101195
100836|101126
100837|101109
100838|101121
100839|101132
100840|101114
100841|101111
100842|101129
100843|101136
100844|101114
100845|101192
100846|101150
100847|101141
100848|101194
100849|101147
100850|101172
100851|101190
100852|101160
100853|101133
100854|101140
100855|101146
100856|101175
100857|101196
100858|101185
100859|101147
100860|101114
100861|101165
100862|101121
100863|101184
100864|101185
100865|101135
100866|101196
100867|101183
100868|101121
100869|101166
100870|101196
100871|101182
100872|101118
100873|101126
100874|101156
100875|101176
100876|101198
100877|101111
100878|101164
100879|101135
100880|101101
100881|101150
100882|101102
100883|101135
100884|101181
100885|101190
100886|101192
100887|101149
100888|101124
100889|101113
100890|101130
100891|101136
100892|101130
100893|101162
100894|101103
100895|101114
100896|101125
100897|101159
100898|101132
100899|101126
100900|101181
100901|101132
100902|101194
100903|101180
100904|101197
100905|101192
100906|101121
100907|101125
100908|101184
100909|101154
100910|101183
100911|101168
100912|101195
100913|101200
100914|101192
100915|101115
100916|101182
100917|101124
100918|101145
100919|101136
100920|101168
100921|101133
100922|101153
100923|101107
100924|101185
100925|101115
100926|101186
100927|101138
100928|101110
100929|101151
100930|101191
100931|101122
100932|101149
100933|101189
100934|101183
100935|101157
100936|101179
100937|101108
100938|101168
100939|101182
100940|101187
100941|101168
100942|101177
100943|101176
100944|101104
100945|101151
100946|101146
100947|101188
100948|101176
100949|101171
100950|101144
100951|101175
100952|101192
100953|101105
100954|101199
100955|101185
100956|101122
100957|101181
100958|101177
100959|101136
100960|101125
100961|101155
100962|101181
100963|101151
100964|101128
100965|101141
100966|101161
100967|101120
100968|101135
100969|101181
100970|101177
100971|101119
100972|101147
100973|101187
100974|101169
100975|101127
100976|101139
100977|101151
100978|101191
100979|101145
100980|101192
100981|101171
100982|101181
100983|101187
100984|101166
100985|101183
100986|101173
100987|101189
100988|101190
100989|101113
100990|101151
100991|101122
100992|101178
100993|101115
100994|101181
100995|101127
100996|101144
100997|101167
100998|101133
100999|101141
101000|101162
100652|100578
100653|100506
100654|100530
100655|100592
100656|100579
100657|100521
100658|100587
100659|100554
100660|100584
100661|100576
100662|100590
100663|100560
100664|100566
100665|100520
100666|100575
100667|100591
100668|100551
100669|100586
100670|100600
100671|100502
100672|100531
100673|100549
100674|100513
100675|100553
100676|100597
100677|100573
100678|100528
100679|100592
100680|100508
100681|100573
100682|100577
100683|100560
100684|100581
100685|100581
100686|100556
100687|100587
100688|100555
100689|100546
100690|100511
100691|100587
100692|100570
100693|100580
100694|100509
100695|100595
100696|100566
100697|100520
100698|100549
100699|100509
100700|100506
100701|100521
100702|100595
100703|100509
100704|100599
100705|100568
100706|100556
100707|100505
100708|100514
100709|100503
100710|100598
100711|100586
100712|100595
100713|100581
100714|100555
100715|100522
100716|100553
100717|100523
100718|100535
100719|100595
100720|100528
100721|100564
100722|100551
100723|100548
100724|100593
100725|100557
100726|100587
100727|100518
100728|100512
100729|100587
100730|100526
100731|100548
100732|100599
100733|100530
100734|100572
100735|100507
100736|100582
100737|100593
100738|100563
100739|100579
100740|100573
100741|100503
100742|100572
100743|100537
100744|100506
100745|100538
100746|100541
100747|100506
100748|100586
100749|100594
100750|100533
100751|100512
100752|100576
100753|100536
100754|100599
100755|100515
100756|100526
100757|100557
100758|100502
100759|100565
100760|100579
100761|100512
100762|100510
100763|100576
100764|100563
100765|100561
100766|100551
100767|100600
100768|100595
100769|100558
100770|100570
100771|100541
100772|100596
100773|100548
100774|100533
100775|100581
100776|100527
100777|100504
100778|100590
100779|100574
100780|100539
100781|100599
100782|100588
100783|100540
100784|100590
100785|100562
100786|100565
100787|100508
100788|100557
100789|100506
100790|100524
100791|100513
100792|100502
100793|100548
100794|100554
100795|100529
100796|100525
100797|100528
100798|100568
100799|100508
100800|100517
100801|100562
100802|100526
100803|100580
100804|100504
100805|100581
100806|100559
100807|100557
100808|100593
100809|100566
100810|100592
100811|100590
100812|100543
100813|100546
100814|100512
100815|100503
100816|100516
100817|100570
100818|100573
100819|100586
100820|100510
100821|100522
100822|100524
100823|100519
100824|100561
100825|100570
100826|100503
100827|100534
100828|100528
100829|100523
100830|100502
100831|100517
100832|100584
100833|100516
100834|100540
100835|100600
100836|100556
100837|100599
100838|100554
100839|100589
100840|100527
100841|100593
100842|100524
100843|100600
100844|100517
100845|100518
100846|100558
100847|100576
100848|100585
100849|100565
100850|100595
100851|100589
100852|100517
100853|100556
100854|100502
100855|100507
100856|100585
100857|100572
100858|100577
100859|100559
100860|100502
100861|100532
100862|100531
100863|100565
100864|100510
100865|100549
100866|100580
100867|100559
100868|100522
100869|100580
100870|100593
100871|100574
100872|100508
100873|100534
100874|100548
100875|100568
100876|100572
100877|100572
100878|100529
100879|100552
100880|100588
100881|100536
100882|100527
100883|100526
100884|100557
100885|100534
100886|100523
100887|100516
100888|100559
100889|100558
100890|100599
100891|100506
100892|100549
100893|100540
100894|100512
100895|100555
100896|100597
100897|100570
100898|100538
100899|100525
100900|100558
100901|100565
100902|100574
100903|100523
100904|100509
100905|100525
100906|100547
100907|100584
100908|100547
100909|100557
100910|100586
100911|100573
100912|100503
100913|100522
100914|100557
100915|100542
100916|100540
100917|100528
100918|100583
100919|100517
100920|100580
100921|100577
100922|100549
100923|100599
100924|100552
100925|100506
100926|100581
100927|100519
100928|100538
100929|100529
100930|100599
100931|100514
100932|100600
100933|100583
100934|100516
100935|100581
100936|100526
100937|100572
100938|100542
100939|100551
100940|100528
100941|100549
100942|100562
100943|100552
100944|100574
100945|100504
100946|100510
100947|100518
100948|100598
100949|100503
100950|100549
100951|100571
100952|100505
100953|100599
100954|100577
100955|100525
100956|100568
100957|100562
100958|100582
100959|100547
100960|100584
100961|100530
100962|100546
100963|100509
100964|100555
100965|100569
100966|100592
100967|100561
100968|100563
100969|100525
100970|100594
100971|100508
100972|100535
100973|100575
100974|100541
100975|100570
100976|100509
100977|100596
100978|100591
100979|100572
100980|100545
100981|100593
100982|100532
100983|100557
100984|100553
100985|100522
100986|100530
100987|100600
100988|100583
100989|100541
100990|100572
100991|100555
100992|100535
100993|100583
100994|100595
100995|100584
100996|100547
100997|100564
100998|100548
100999|100578
101000|100507
101001|100503
101002|100504
101003|100527
101004|100586
101005|100513
101006|100514
101007|100520
101008|100532
101009|100501
101010|100558
101011|100525
101012|100593
101013|100509
101014|100520
101015|100568
101016|100504
101017|100596
101018|100508
101019|100524
101020|100574
101021|100583
101022|100532
101023|100573
101024|100509
101025|100565
101026|100587
101027|100596
101028|100535
101029|100600
101030|100506
101031|100588
101032|100568
101033|100572
101034|100547
101035|100580
101036|100509
101037|100555
101038|100600
101039|100583
101040|100561
101041|100586
101042|100522
101043|100526
101044|100544
101045|100549
101046|100507
101047|100540
101048|100524
101049|100509
101050|100513
101051|100544
101052|100529
101053|100550
101054|100514
101055|100582
101056|100599
101057|100565
101058|100510
101059|100599
101060|100569
101061|100576
101062|100565
101063|100512
101064|100537
101065|100595
101066|100593
101067|100501
101068|100542
101069|100584
101070|100569
101071|100527
101072|100567
101073|100578
101074|100531
101075|100559
101076|100525
101077|100568
101078|100586
101079|100580
101080|100578
101081|100501
101082|100594
101083|100525
101084|100521
101085|100527
101086|100517
101087|100551
101088|100587
101089|100573
101090|100598
101091|100511
101092|100503
101093|100592
101094|100542
101095|100577
101096|100580
101097|100552
101098|100596
101099|100550
101100|100530
101101|100537
101102|100583
101103|100549
101104|100569
101105|100511
101106|100556
101107|100517
101108|100569
101109|100536
101110|100544
101111|100520
101112|100507
101113|100523
101114|100534
101115|100519
101116|100536
101117|100570
101118|100527
101119|100502
101120|100545
101121|100539
101122|100531
101123|100597
101124|100539
101125|100562
101126|100589
101127|100526
101128|100593
101129|100526
101130|100579
101131|100580
101132|100547
101133|100572
101134|100560
101135|100527
101136|100584
101137|100551
101138|100584
101139|100531
101140|100580
101141|100578
101142|100510
101143|100514
101144|100523
101145|100556
101146|100556
101147|100542
101148|100536
101149|100583
101150|100599
101151|100545
